
PAWN WHITE
[1, 1, 1, 1, 1, 1, 1, 1, 1, 1, 1, 1, 1, 1, 1, 1, 0, 0.65, 0.75, 0.8, 0.8, 0.75, 0.65, 0, 0, 0, 0.85, 1, 1, 0.85, 0, 0, 0, 0.8, 0.9, 1, 1, 0.9, 0.85, 0, 0.8, 0.8, 0.8, 0.8, 0.8, 0.8, 0.8, 0.8, 0, 0, 0, 0, 0, 0, 0, 0, 0, 0, 0, 0, 0, 0, 0, 0]

WHITE BISHOP
[0.3, 0.35, 0.35, 0.35, 0.35, 0.35, 0.35, 0.3, 0.35, 0, 0.45, 0.35, 0.35, 0.45, 0, 0.35, 0, 0.6, 0.55, 0.4, 0.4, 0.55, 0.6, 0, 0.6, 0.75, 0.6, 0.6, 0.6, 0.6, 0.75, 0.6, 0.6, 0.75, 1, 0.65, 0.65, 1, 0.75, 0.6, 0.85, 0.9, 0.75, 1, 1, 0.75, 0.9, 0.85, 0.85, 1, 0.85, 1, 1, 0.85, 1, 0.85, 0.6, 0.75, 0.5, 0, 0, 0.5, 0.75, 0.6]

KNIGHT
[0.2, 0.3, 0.4, 0.4, 0.4, 0.4, 0.3, 0.2, 0.3, 0.5, 0.6, 0.6, 0.6, 0.6, 0.5, 0.3, 0.4, 0.6, 0.65, 0.65, 0.65, 0.65, 0.6, 0.4, 0.4, 0.6, 0.8, 1, 1, 0.8, 0.6, 0.4, 0.45, 0.8, 1, 1, 1, 1, 0.8, 0.45, 0.5, 0.85, 1, 1, 1, 1, 0.85, 0.5, 0.3, 0.6, 0.7, 0.7, 0.7, 0.7, 0.6, 0.3, 0.1, 0.3, 0, 0, 0, 0, 0.3, 0.1]

ROOK
[0.7, 0.7, 0.7, 0.7, 0.7, 0.7, 0.7, 0.7, 0.6, 0.6, 0.6, 0.6, 0.6, 0.6, 0.6, 0.6, 0.6, 0.4, 0.4, 0.35, 0.35, 0.4, 0.4, 0.6, 0.6, 0.45, 0.35, 0.3, 0.3, 0.35, 0.45, 0.6, 0.6, 0.5, 0.4, 0.3, 0.3, 0.4, 0, 0.6, 0.6, 0.6, 0.6, 0.6, 0.6, 0.6, 0.6, 0.6, 0.75, 0.75, 0.75, 0.75, 0.75, 0.75, 0.75, 0.75, 0.6, 0.9, 1, 1, 1, 1, 0.9, 0.6]


QUEEN
połączenie gońca i wieży
średnia arytmetyczna
(jedno + drugie) / 2 

KING
[0.1, 0.1, 0.1, 0.1, 0.1, 0.1, 0.1, 0.1, 0.1, 0.2, 0.4, 0.5, 0.5, 0.45, 0.2, 0.1, 0.2, 0.4, 0.7, 0.7, 0.7, 0.7, 0.5, 0.2, 0.2, 0, 0.7, 0.7, 0.7, 0.7, 0, 0.2, 0.45, 0.45, 0, 0.6, 0.6, 0, 0.45, 0, 0.7, 0.45, 0.45, 0.45, 0.45, 0.45, 0.45, 0.7, 0.7, 0.7, 0.65, 0.4, 0.4, 0.45, 0.7, 0.7, 1, 1, 1, 0.7, 0, 0.7, 1, 1]